   9.4238253e+00   3.0796919e+00  -4.2627547e+00
  -5.0092184e+00   5.6004430e-01   3.7397411e+00
  -8.7609107e+00   2.6208619e+00   8.0479774e+00
  -5.1962057e+00  -6.8736321e+00  -5.2972942e+00
   6.9409619e+00   8.1828850e+00   4.5910909e-01
  -1.1102935e+00  -6.6986684e+00  -1.9643119e+00
  -4.9846662e+00   4.2437180e+00   2.2438713e+00
  -2.2093696e+00   3.6277141e+00  -7.9655190e+00
   9.0952492e-02   7.9074129e+00   8.3412599e+00
  -4.4961136e+00  -1.1418990e+00   8.1815903e+00
   8.8512152e+00  -4.9644540e+00   2.0631675e+00
  -8.7112142e+00  -7.5306072e-01  -1.6729633e+00
  -1.9574573e-01   1.2064380e+00   3.1343267e+00
  -5.9697460e+00   5.1960147e+00   8.7601464e+00
  -5.6307587e+00  -2.5813827e+00   9.1861128e+00
  -1.3790649e+00   1.8147963e+00  -4.0586671e+00
   8.8010687e+00   7.1289144e+00   4.5155562e+00
  -3.5149631e+00  -2.7872415e+00  -3.8744800e+00
  -7.6057163e+00  -4.3526022e+00   1.9491506e+00
  -7.1468706e+00  -9.0753728e+00  -9.6679193e+00
   1.7379650e+00   1.7733161e+00   3.8827722e+00
  -4.5190996e+00   2.8926668e+00   9.3322824e+00
   6.6206460e+00   7.6895042e+00   2.6012325e+00
  -9.8203894e+00  -9.2327007e+00   9.5472964e+00
   7.4651071e+00   8.2721254e+00  -7.0138976e+00
  -5.1735553e+00  -6.4538281e+00   5.5893984e+00
  -1.2003761e+00   9.4320659e-01   7.3724675e+00
   3.5494300e+00  -2.2125932e+00  -1.8486539e+00
  -4.7895758e+00  -2.2388011e+00   2.7279608e+00
  -9.8749732e+00   4.8693625e+00   8.0017289e+00
   7.0482914e-01   6.0970011e+00   2.2888370e+00
   1.1940333e+00   9.1406393e+00   1.4177282e+00
  -2.2522265e+00  -8.0941261e+00  -6.3049186e+00
  -8.7539986e+00  -9.6756029e+00   1.8981872e+00
   9.6578771e+00   1.1455775e+00  -7.6982605e+00
  -8.3935189e+00  -3.3054023e+00  -6.6841754e+00
   1.9609974e+00  -9.3174332e+00  -5.4045702e+00
   5.9569868e+00   9.0381312e+00  -4.1574697e+00
   3.5963541e+00   4.8990705e+00  -4.3310865e+00
   6.8232289e+00   5.0578611e+00   9.6302919e+00
  -8.5247561e+00  -6.1976502e+00  -5.2988858e+00
  -2.5399828e+00  -3.2189672e+00  -6.5598816e+00
  -1.1408601e+00   2.4087150e+00   1.9469202e+00
   8.1351803e+00   5.2618070e+00  -7.3189249e+00
  -5.2904972e+00  -1.1676729e+00  -4.1704060e+00
   6.8338288e+00   4.6037639e+00   3.9644503e+00
  -3.5448794e+00  -9.5247774e+00  -2.5577803e+00
  -8.9158885e+00   8.0177944e+00  -3.7828109e+00
  -1.1161952e+00   4.6871266e-01   6.4798384e+00
  -4.5788045e+00  -7.1815435e+00   4.8651969e+00
   5.3203198e+00   7.5716293e-01   7.7036058e+00
  -9.6641408e+00   9.2075231e+00  -3.3806450e+00
  -4.0242744e+00  -7.1645637e+00   5.6547118e+00
  -1.4351046e+00  -2.2332472e+00  -6.9027918e+00
   8.4880769e+00   6.5808617e+00  -5.7294040e+00
  -3.2753163e+00  -8.8001281e+00   5.6632972e+00
  -1.5425985e+00  -2.8426934e+00  -4.4470187e-01
   3.7712378e+00   1.3594079e+00   7.6033142e+00
  -3.4901443e+00  -5.7625124e+00   7.7252661e+00
  -9.2089902e+00  -2.9576648e+00   2.7596935e+00
  -3.7263364e+00  -6.5748948e+00   7.8356877e+00
  -1.9380153e+00  -2.7931477e+00  -8.6668820e+00
  -5.8867630e+00  -4.5204644e+00  -7.6340701e+00
   8.2645083e+00   9.2951691e+00  -9.3158032e+00
   1.9014945e+00  -9.9282692e+00   2.2179586e+00
   2.3816779e+00  -7.5228513e+00   7.3846159e+00
   2.4757923e-02  -4.7854162e+00   9.4813512e+00
   6.9550379e+00  -2.5150952e+00  -6.3149611e+00
   9.6589851e+00   6.2209047e+00   4.6635347e+00
   6.6621406e+00  -3.8983299e+00  -1.2974481e+00
  -8.0625688e+00  -5.3007898e+00   7.6218668e+00
  -4.9646404e+00   1.2350613e+00   8.8424059e+00
   2.0921269e+00  -5.9336260e+00   2.9894843e-01
  -8.1235308e+00  -9.5952909e+00   6.7823025e+00
  -2.9649231e+00  -2.4533926e+00  -1.4495556e+00
   4.2236385e+00   1.8829671e+00  -7.9985411e+00
  -8.2960166e+00   6.9378574e+00   9.0679428e+00
  -4.6826756e+00   3.8302496e+00   8.9790776e+00
   5.2077196e+00   1.5491057e-01  -3.6302137e+00
  -7.6711271e+00   2.2838176e+00  -9.9340547e+00
  -6.5746915e+00   4.3963700e+00  -2.5133386e+00
   5.0897258e-01   5.3587955e+00   7.5149338e+00
  -4.3598021e+00  -3.6617181e+00   5.3231095e+00
   3.7586623e+00  -8.5258188e+00  -8.4662281e+00
  -2.6563779e+00  -2.7941233e+00   6.1186525e+00
  -1.9126293e+00   5.9784082e+00   1.6835992e+00
  -9.6935271e+00   5.5184763e+00  -6.7237385e+00
   4.9255572e+00   3.6221216e+00   7.4618244e+00
   9.8243262e+00  -2.2241534e+00   9.1341051e-02
  -4.7595941e+00  -3.0753230e+00  -1.1726073e+00
  -3.5140686e-01   3.7295302e+00   6.0050612e+00
  -3.2289043e+00   1.3092584e+00  -3.9949586e-01
   7.4208635e+00  -8.3294121e+00   6.3000979e+00
  -7.1251557e+00  -7.0763702e+00   3.7393857e+00
   1.4545832e+00   7.6654251e-01  -7.2914368e+00
  -6.3443849e+00  -5.2751158e+00   6.5087233e+00
   6.1673597e-01   6.2337503e+00   1.8260986e+00
  -4.9442749e+00   5.4684433e+00  -1.2066008e+00
   8.6780214e+00   4.7628132e+00  -6.0983985e+00
  -6.4104559e+00  -2.4748269e+00   2.6678561e+00
  -6.6076281e-01   7.1920563e+00   2.8335743e+00
  -8.2398950e+00  -9.3422957e+00  -6.9835297e+00
   9.8758555e+00   2.1366589e+00   1.5860453e+00
  -7.7435056e+00  -6.8749721e+00  -7.1110824e+00
   2.6606283e+00  -3.2613536e+00  -1.4549452e+00
  -2.0364094e+00   9.7245284e+00  -5.3560010e+00
   5.0641815e+00  -3.9479910e+00  -1.6897826e+00
   4.8753089e+00  -6.0726586e+00  -2.3212659e+00
  -2.2169420e+00  -2.5055888e+00   6.2227534e+00
   4.8374568e+00   1.6346579e+00   1.7649284e+00
  -5.7535056e-01  -6.5952280e+00  -7.1578813e+00
   7.5960231e+00  -4.6405866e+00   9.2237950e+00
  -7.5097296e+00   9.6311445e-01  -1.4153322e+00
   5.2924047e+00  -9.4118216e+00   6.6291798e+00
  -6.7672068e+00  -9.1651140e+00  -1.7815796e+00
   5.8598672e+00   4.3638966e+00   8.9120603e+00
   6.5498720e+00  -3.4428380e+00  -3.7568702e+00
  -3.3757989e+00   1.7567224e+00  -7.8104277e+00
  -8.3102080e+00  -3.2471287e+00   2.8148773e+00
  -8.5789003e+00   5.4488385e+00  -3.4897464e+00
   2.1486061e+00  -9.1306421e+00   6.2354891e+00
  -4.2625824e+00  -4.3733443e+00   2.9048827e+00
  -5.5370608e+00  -1.0146184e+00   4.8130775e+00
  -1.8888591e+00   9.6521140e+00  -8.7344615e+00
  -2.0511528e+00  -8.7173071e+00   9.3244675e+00
  -3.0431994e+00   4.9722337e+00  -3.6777481e+00
   5.3209138e-01  -1.6261337e+00  -7.3309880e+00
   6.6436866e+00  -8.9704208e+00  -8.3974343e+00
   8.0571800e+00   3.8772526e+00   2.8171061e+00
  -3.9150455e+00  -6.8095095e+00   4.2076747e+00
   4.5772015e+00   5.0913430e+00  -3.2058092e+00
  -8.0081052e+00   6.6427288e+00   2.1612990e+00
   9.9794049e+00  -1.9914491e+00  -1.5495088e+00
  -2.7493114e+00  -1.7975987e+00   8.2810992e+00
  -6.2141427e-01  -9.5975948e+00   2.4853026e+00
  -4.9943840e-01  -2.4334807e+00   1.6655059e+00
   1.1771449e+00   8.4176981e+00   5.1126690e+00
   9.2300967e+00   7.0571301e+00  -1.1040510e+00
   7.9410195e-01  -3.5636068e+00  -4.3681584e-01
  -6.5342832e+00   6.8384612e+00  -6.4103642e+00
   1.4674390e+00   7.0334974e+00  -7.8667110e-01
   4.2141461e+00   4.8870082e+00  -5.0056896e+00
   1.9151509e+00  -1.5693678e+00   5.6957279e+00
   1.6290383e+00  -7.8485055e-02   4.8069219e+00
   3.2256887e+00   3.9790223e+00   8.9435338e+00
  -4.9041786e+00   4.7711621e+00   9.0492001e+00
  -1.6997956e+00   7.0405667e+00   2.5374690e+00
   7.4097567e+00   4.4681481e+00   7.5438188e+00
  -7.7269506e+00  -2.6318302e+00   2.8662749e+00
  -4.1587503e+00   1.4858839e+00  -5.9382006e+00
  -2.9850256e+00  -7.5399592e+00   1.5016917e+00
  -5.1833655e+00  -8.7801586e+00   1.5893954e+00
   7.2514367e+00  -7.9870814e+00  -1.6582435e+00
  -5.4378689e+00   4.8723097e+00   8.6249018e+00
  -5.4763734e+00  -1.4492851e+00   2.8406214e+00
   6.7510772e+00  -5.7607474e+00   9.1962233e+00
   3.3215510e+00   7.7145422e+00   3.4348286e-01
  -5.2520572e+00   8.8257573e+00   6.4124579e+00
   6.3668675e+00   4.2126290e+00  -3.4760912e+00
   6.6988046e+00  -8.7195482e+00   4.6669907e+00
   3.9784768e+00   5.2297447e+00   8.6722681e+00
  -5.3978284e+00  -4.4649980e-01  -1.6744061e+00
   7.6313726e+00   2.8514021e+00  -5.9911142e+00
  -9.5528817e+00  -2.8652364e+00   4.5529062e+00
   3.4527934e+00  -1.6410982e+00   4.7328424e+00
   1.8287427e+00   2.6020590e+00   9.0470626e+00
   5.9862541e+00  -8.2800188e+00   6.2345875e+00
  -8.3361311e+00   3.8764403e-01  -6.8730559e+00
   2.1845496e+00   9.0519487e+00   9.1743728e+00
   9.1020909e-02  -3.0479386e+00   8.7835442e+00
  -1.0467684e+00   1.4161636e+00  -6.6569797e+00
   8.2290272e+00  -7.8780528e+00  -2.3004163e+00
  -8.5255148e+00   6.4175538e+00   1.3175829e+00
   3.3668687e+00  -5.4746774e+00  -4.5921118e+00
   8.5862983e+00  -7.7993566e+00  -1.6903352e+00
   1.8862478e+00  -1.9026143e+00   7.1381914e+00
  -8.4694847e+00   4.1411732e+00  -5.9065198e+00
  -1.3365358e+00   2.5720085e+00  -5.4562428e-01
   1.6785240e+00  -9.6013252e+00   1.4924641e+00
   7.0451798e+00  -7.5952347e+00   3.1103525e+00
   9.7046308e+00  -2.8917313e+00   8.1945568e-02
  -2.2861364e+00   3.7035414e+00  -3.6565580e+00
   2.4113106e+00   6.9379935e+00   4.3659197e+00
  -9.1009155e+00   8.3072709e+00   3.0539268e+00
   6.2375082e+00  -4.9602495e+00  -6.0456598e+00
  -8.7084980e-01  -3.3468423e+00  -6.3078634e+00
  -4.2833434e+00  -5.3630645e+00   7.0011302e+00
  -9.8208597e+00   1.4502767e+00  -3.2819606e+00
   8.5288399e+00   1.9909031e-01   7.0198928e+00
  -8.0922978e+00   7.5741478e+00   7.1787076e+00
   6.3106188e+00   2.7822624e+00  -2.5630175e+00
   4.5420369e+00   2.5092309e+00   5.5310550e+00
   6.4830434e+00   1.0529761e+00  -1.3916864e+00
   8.6430119e-02   5.5511996e+00   7.2792516e+00
  -2.9827083e+00   2.4203623e+00  -4.8567211e+00
   5.8534363e+00  -7.7687786e+00  -4.4745841e+00
   2.5642811e+00   2.8685878e+00   2.0128151e-01
   3.2996065e+00   5.2589872e+00   1.2588386e+00
  -7.4676510e+00   5.2672868e+00  -6.6426151e+00
   9.8321182e+00   3.0658037e+00  -1.0504134e+00
  -9.5860846e+00   8.4654003e+00   8.5724290e+00
  -2.4915658e-01  -1.9186113e+00  -1.8048999e+00
  -3.7943136e+00  -7.8782347e+00   4.0873608e+00
   7.3851376e-01  -1.5476450e+00   4.5537185e+00
  -3.8111372e+00   9.8329262e+00   4.6753463e-01
  -7.4933664e-01   1.0243195e+00   2.7208388e+00
  -6.8308305e+00   8.7427311e+00   2.1651472e+00
   3.1654633e+00  -2.8736488e+00  -2.4169902e+00
  -2.7203364e+00  -5.5162858e+00   8.1814156e+00
  -2.5137401e+00   4.6693537e+00  -3.9221521e+00
  -1.6278321e-01  -9.7923277e+00  -2.9680892e+00
   6.2963544e-02   5.4214174e+00  -6.6346922e+00
  -1.7454984e-01  -2.1130996e+00   7.3150710e+00
   6.9829251e+00   3.1708699e+00   5.8986017e+00
  -9.1379160e+00   3.4500055e+00   8.3346843e+00
   2.6852582e+00   8.9566279e+00   9.2875051e+00
   5.2482133e+00   6.8741461e+00   5.4181560e+00
   6.7970160e+00  -7.7363477e+00  -5.6404758e+00
  -1.3428752e+00  -1.1646784e-01  -3.1109011e+00
  -7.3267059e+00  -8.8592666e+00   8.7397982e+00
   2.5705426e+00  -4.3266375e+00   3.9769140e+00
  -7.4902270e+00  -1.0289004e-02  -9.3217923e+00
   9.9366853e+00   2.7082931e+00   9.6203149e+00
   6.0792101e-01   5.1817008e-01  -1.7925141e+00
   7.5619212e+00   6.4383010e+00   7.2482270e+00
  -3.2861664e+00   9.7096323e+00   6.6001052e+00
  -1.4891573e+00   4.8071465e+00  -6.1225987e+00
   1.4845741e+00   6.8780453e+00   2.1567490e+00
  -1.8644374e+00  -7.8951220e+00  -5.5933101e+00
  -2.1226361e+00  -7.2909553e+00   3.4352889e-02
   4.8400410e-01  -6.8134223e-01  -5.2176243e+00
   4.0424260e-01   4.3817296e+00  -9.4647728e+00
   2.0194423e+00   9.8150265e+00  -6.1588838e+00
  -1.2061889e+00   9.9122225e+00  -3.8683655e+00
  -7.0755929e+00  -6.5075558e+00   6.3996223e+00
   7.0614156e+00  -2.9930273e-01   4.5600206e+00
   6.1109114e+00  -4.0562405e+00   3.0128907e+00
  -8.0190894e+00   1.7146093e+00   3.4231922e+00
  -3.3828091e+00  -6.6281670e+00   5.4287224e+00
  -1.3333396e+00  -3.8764516e+00   5.1630282e+00
  -6.7411196e+00   8.3152816e+00  -2.1365687e+00
  -2.1073234e+00   9.9971133e+00  -9.1688334e+00
  -6.8175593e+00   6.8780465e+00   3.5330355e+00
   7.9393063e+00  -8.2993271e+00  -9.2383209e+00
   5.0950206e+00   8.8961383e+00  -7.2750019e+00
   4.4553212e+00  -2.6411537e+00   4.0866680e+00
  -3.5548250e+00  -6.4211089e+00   7.4109533e+00
   6.9178531e+00  -3.9733076e+00   2.7033700e+00
  -3.5964537e-01  -3.2135859e-02   9.8729627e+00
   9.6802390e+00  -9.7256801e+00   1.9600673e+00
  -7.6228436e+00   8.4037228e+00  -4.5489562e+00
  -4.7535194e+00  -9.7112719e+00  -1.2908490e+00
   1.5812584e+00   4.6756632e+00  -8.0461433e+00
   3.9574481e-01   2.0015182e+00   2.4444344e+00
  -2.7317176e+00   5.3875675e+00   9.4273242e+00
  -9.0859888e+00  -2.1725770e+00  -4.1263313e+00
  -1.4567226e+00   7.7379141e+00   6.6696908e+00
  -6.4197985e+00  -2.8581076e-01   3.8910203e+00
   6.0645965e+00   5.2688439e+00   6.2913120e-01
  -7.2876306e+00  -7.0737650e+00  -7.5198513e+00
  -1.1722201e+00  -1.0381188e+00   5.9062161e-01
  -1.8323450e+00  -3.2812474e+00   5.6340348e+00
  -1.6431311e+00  -8.8944072e+00  -1.1686363e+00
   8.8936615e+00  -1.7543888e+00   3.0875567e+00
   6.4664980e+00   3.1036791e+00  -1.7116269e+00
   2.1782870e+00   5.2158607e+00  -3.7368628e+00
  -3.7826200e+00   4.5429757e-01  -8.2265306e+00
   9.2924906e+00  -1.3650876e+00  -9.8839581e+00
  -6.0185220e-01   1.3014142e+00  -7.8258651e+00
   7.3991245e+00  -2.4254503e+00   9.9043913e+00
   6.3979409e+00  -9.9828238e+00   5.9625491e+00
   1.2536289e+00  -1.3432141e+00  -6.4314290e+00
  -3.0365102e+00   7.4356634e+00   2.8427700e+00
   7.7701322e+00   5.7562298e+00   5.7986107e+00
  -9.1435518e+00  -2.7538637e+00  -7.2251016e+00
  -1.7172158e+00   8.9231546e+00  -6.1471112e+00
   9.2203791e+00  -6.9267176e+00   6.4452383e+00
  -1.9062400e+00   3.4266611e+00  -8.4021059e+00
   1.3208559e+00   4.2890839e+00  -7.8137579e+00
   4.4628221e+00   5.8937030e+00   1.4683868e+00
   1.7241392e+00   1.9653238e+00   2.9124549e+00
   6.2459413e+00  -1.8430052e+00   2.7970826e+00
  -9.6275625e+00   7.6296235e-01   1.0024582e+00
   4.1898643e+00  -2.3867015e+00  -3.9441286e+00
  -5.8699006e+00   8.7412250e+00  -9.8515897e+00
  -9.4040564e+00   8.6107599e+00   4.4075789e+00
   4.3287147e+00  -1.1941318e+00  -8.8575839e+00
  -3.3558104e+00   1.9287427e+00   4.2095611e+00
   4.7987967e-01  -4.6387678e+00  -5.8147455e+00
   2.6298918e+00  -9.1040504e+00   3.0463405e+00
  -5.7617114e-01  -7.6729259e+00  -6.4474029e+00
  -4.7838469e+00   4.1154879e+00  -7.2424285e+00
  -4.8359608e+00  -8.9544139e+00   3.4672725e+00
  -7.8635121e-01   8.2515871e+00   2.0442290e+00
  -2.6245547e-01   8.3766738e+00   2.1961913e+00
  -9.6035514e+00  -5.4702560e+00  -1.8517272e+00
  -6.2145978e+00  -8.4944944e+00   7.0857385e+00
   6.5066063e+00  -8.0507075e+00   3.9059377e-01
  -5.3694075e+00  -7.2016999e+00  -4.8422940e+00
  -9.4585194e+00  -2.5101823e+00  -2.7097416e+00
  -9.7748918e+00   5.7650729e+00  -1.6375898e+00
  -6.0309755e+00   1.8907031e+00   7.6006894e+00
   3.4796616e+00  -6.1765413e+00   4.3155056e+00
  -2.9702089e+00  -1.5234655e+00   7.8964380e+00
   4.0646543e+00   6.4814259e+00   6.1180903e+00
   9.6572010e+00  -3.8798843e+00   5.3545059e+00
  -8.2330779e+00  -7.1693360e-01  -8.1048691e+00
   2.3247060e-01  -4.5196314e-01  -3.7671496e-01
   1.6183487e+00  -2.1597044e+00  -4.7821174e+00
  -5.7857537e+00   7.1124647e+00  -3.2844605e+00
   2.2441767e+00  -4.7527661e+00  -1.9673182e+00
  -4.8233148e+00   5.1163528e+00  -5.1923125e+00
   6.5536133e+00   6.6606558e+00   8.3829945e+00
  -6.6181795e-01  -3.3106419e+00  -8.3921190e+00
  -1.4817431e+00  -5.7990763e+00   9.0564201e+00
   1.2935679e+00   2.9535952e+00   2.8680047e+00
   8.2838098e+00  -6.7696351e+00   1.1918764e+00
  -4.0439150e+00  -3.3402682e+00  -2.5258385e+00
   2.1654774e+00  -5.0345613e+00  -8.2609670e-01
   6.2388962e+00  -2.9365554e+00   6.9269674e+00
   6.3262170e+00  -2.0325379e+00  -2.8766462e+00
  -3.3750354e+00  -9.6843712e+00   7.5729922e+00
   5.7326733e+00  -5.7830781e+00  -7.9101084e+00
  -8.6014763e+00   3.4038239e+00  -2.9165090e+00
  -6.1216533e+00   2.9039639e+00  -8.8763353e+00
   4.0078119e+00  -7.3609394e+00  -7.1612049e+00
   3.6223406e+00   8.5572555e+00  -3.3678363e+00
  -8.7350529e+00  -7.5198803e+00  -6.2307345e+00
   2.4697206e+00   2.7321045e+00   6.6199821e+00
   2.7548540e+00  -5.9825499e+00   5.3461712e+00
  -8.3073406e+00   1.3968314e+00   7.9587682e+00
   4.4092004e+00   9.1678947e+00   4.3759272e+00
  -1.9984595e+00  -3.4382375e-01  -3.8986588e+00
  -7.2108632e+00   7.0206346e+00   6.1237705e+00
  -3.3075436e+00  -2.1748017e+00  -9.4350498e+00
   7.1811343e+00   4.8961407e-01   3.3234486e-01
  -8.3970892e+00  -5.6235628e+00   6.3833355e+00
  -2.7210479e+00  -6.6984481e+00   2.2564979e+00
   9.8732611e+00   2.0305548e+00  -2.6954127e-01
  -8.3034718e-01   8.7477226e+00  -3.7439207e+00
  -9.4708736e+00  -4.2834033e+00  -7.1628103e+00
  -2.0337321e+00  -5.5129587e+00  -9.7204740e+00
  -7.7198044e+00   3.2469550e+00   9.7593587e-01
   4.8239024e+00  -4.2668793e+00  -6.4993010e+00
   9.4755381e+00  -3.0078166e+00  -4.9167278e+00
  -2.3069058e+00   3.7933247e+00   3.5597539e+00
   1.9762722e+00   3.0162437e+00   5.6222186e+00
  -9.4939298e+00   3.7645673e+00  -8.4474171e+00
   3.8441264e+00   1.3921899e+00   6.5565023e+00
   7.7151366e+00   1.6086512e+00   2.2069459e+00
   1.3835262e-01  -1.7003139e+00   7.5928393e+00
  -9.4690988e+00  -2.6388147e+00  -5.4267141e-01
  -2.6567680e+00  -4.0851810e+00   9.0516492e+00
  -4.1830408e-01   5.8958000e+00  -2.5089129e+00
  -3.8608038e+00  -6.0066113e-01   7.2191132e-01
  -3.1165721e-01  -3.9732076e+00  -2.3269617e+00
   3.9059974e+00  -8.9155745e+00   3.1926943e+00
  -5.6287455e+00  -9.2473141e+00   8.9887798e+00
  -9.6007802e+00   9.2204701e+00   7.9866882e+00
   1.8793256e+00  -8.7158892e-01   2.9281085e+00
  -1.5130161e+00  -5.5530252e+00   4.0794297e-01
  -9.9156225e+00   6.8365682e+00  -3.3021644e+00
   2.1846124e-01  -4.9459227e+00   1.8920024e-01
   1.4628693e+00  -2.4362871e+00   2.9939038e+00
  -1.7781873e+00  -2.2012046e+00  -8.2327880e+00
   3.8740338e+00  -5.3871652e+00   8.3596308e+00
  -7.7457661e+00   2.0476184e+00  -7.6944623e-01
   2.4092248e+00  -7.9668539e+00  -3.3947205e+00
  -1.9948434e+00  -6.7397325e+00   9.9827293e+00
  -1.6767662e+00   4.5894941e+00  -1.2169682e-01
  -6.0664064e+00   2.6837860e+00   2.2484495e+00
  -1.6835452e+00   4.6451887e+00   4.8435001e+00
  -3.3525431e+00   2.9859206e-01  -6.6318721e+00
  -6.4224443e+00   5.7803728e+00   9.3945677e+00
  -6.7866710e+00  -2.4295746e+00   2.9021423e+00
  -7.0973285e+00  -4.5711024e+00   4.8828890e-01
  -8.3283005e+00   5.5891230e+00  -6.3218034e+00
  -3.0019432e+00  -6.7347155e+00  -6.6532455e+00
   6.9053957e+00   9.1020472e-02  -5.0502846e-01
   9.4008134e+00  -3.1093593e+00   6.3904537e+00
  -1.1755401e+00   2.2483869e+00   8.9015435e-01
  -6.6113034e+00  -4.7999877e+00  -9.9015154e+00
  -8.3719559e+00  -2.4601920e+00   2.9386029e+00
  -4.1076157e+00  -5.1947425e+00  -9.9163065e+00
   8.6883112e+00   2.7626586e+00   1.9799084e+00
  -6.3882162e+00   7.9203363e+00   2.4686962e+00
  -2.4552764e-01  -2.9100523e+00  -2.7363432e+00
   2.7432198e+00  -7.6408959e+00  -7.8217889e+00
   1.1397264e+00  -9.0331337e+00   4.7606738e+00
   2.3002412e+00   7.9262041e-01   8.7975038e+00
  -8.5236229e+00   6.7500679e-01  -9.4411043e+00
  -7.6433085e+00  -2.2249258e+00  -1.2950677e+00
  -7.9803145e+00   4.4402244e+00   2.1098577e+00
  -4.6389395e+00   3.5026396e+00   1.9920721e+00
  -6.1807415e-01   8.1615181e+00   6.5344272e+00
  -9.9420432e+00  -8.4106882e+00  -9.1215363e+00
   1.8031774e+00  -5.7832635e+00  -1.4470700e+00
  -1.3856006e+00   2.7470363e+00  -9.4064884e+00
   9.5868252e+00   1.4800795e+00   7.4828359e+00
  -6.7055266e+00   7.0444716e+00   1.3127356e+00
  -9.3811003e+00  -1.6240279e+00   6.9123281e+00
  -8.0600128e-01  -7.6362313e+00   1.7037138e+00
   9.7279029e+00   8.3743773e+00  -4.4634996e+00
  -7.6995640e+00   1.7356845e+00   3.4326125e+00
   2.8335335e+00   3.8529201e+00   9.2173790e+00
  -1.5655438e+00  -6.0028479e+00  -9.1190998e+00
  -8.6793094e+00   3.3374928e+00   6.5886678e+00
  -6.6431719e+00   8.2505331e+00   6.2830702e+00
  -9.6296357e+00   5.4185285e+00  -1.4367469e-03
  -3.1271958e+00   2.0109982e+00  -1.4460835e+00
   9.8201206e+00   2.7389993e-01  -9.4340530e+00
   3.3820257e+00  -4.3976590e+00   3.5711526e+00
   2.2062429e+00   5.4266964e+00   6.5960630e-01
  -8.9322898e-01  -5.2067281e-01  -9.5459186e-01
  -5.9217269e-01  -2.5551950e+00   4.1728362e+00
  -4.1134486e+00   9.2709416e+00  -9.9970892e+00
   8.8118847e+00   8.3263798e+00  -5.2418795e+00
   6.1771198e+00   1.4895297e+00   2.7650939e+00
  -7.4830255e+00   3.2213252e+00  -1.9789763e+00
  -4.9364905e-01  -4.6382683e+00  -5.2770134e+00
   9.6990076e+00   1.4936532e+00   6.4806362e+00
   9.3327818e+00   8.7398989e+00   8.1235215e+00
  -5.6502094e+00  -2.1950386e+00  -6.0988462e+00
  -3.9043393e+00   5.6832588e+00   5.9411342e+00
   4.9736755e+00   5.7872129e+00  -6.7105714e+00
   5.6037912e+00   9.2569406e+00   7.3179515e+00
  -5.3773110e+00  -5.2603818e+00   6.8160720e+00
  -3.6310438e+00  -9.1020984e+00   5.6143147e+00
  -5.4508492e+00  -8.3780116e+00  -1.4565208e+00
   7.6434461e+00  -6.1463561e+00  -3.0329737e+00
   8.4135751e+00   5.0481166e+00  -8.9604039e+00
   2.7906318e+00  -2.2337329e+00  -8.6870094e+00
   5.3010850e+00  -9.8786839e+00   4.8145144e+00
   4.3831357e+00  -4.9278236e+00  -5.9364435e+00
  -6.1839008e+00   7.2651236e+00   8.3385069e-01
  -2.6522500e+00   5.5271476e+00   5.8843095e+00
   8.7252652e+00   9.7330021e+00  -2.8540649e+00
  -2.3263235e+00  -7.5743766e+00   4.2989216e+00
   9.5985556e+00   7.9352080e+00  -1.9481495e+00
  -7.2218110e+00   2.6344317e+00   7.1926318e+00
  -7.5036128e+00   8.4717563e+00   9.4708550e+00
   5.7781713e+00   3.9604438e+00  -7.7895828e+00
   5.1530852e+00  -7.8250375e+00   3.7451805e+00
   9.4917677e+00   6.3256238e+00  -6.7646687e+00
  -3.4371892e+00   6.2001149e+00   6.8896222e+00
   4.5095928e+00   5.4150547e+00   4.6027051e+00
   7.8074110e+00  -2.7993313e+00  -7.7695549e+00
  -4.9312476e+00  -2.8267388e+00   4.2428255e+00
   1.1595434e+00   7.2606283e+00   5.3218857e-01
  -7.1684383e+00  -8.1228461e+00   4.6954395e+00
   7.1677717e+00  -6.7344418e+00   2.6951362e-01
  -2.3653278e+00  -8.8189494e+00  -6.6267943e-01
  -8.5556940e+00   4.3443337e+00   1.8129908e+00
   3.1020403e+00   9.5221741e+00  -1.5422726e+00
   1.0571635e+00  -8.5359081e+00  -4.7915019e+00
   9.5280951e+00   7.5209174e-01  -4.8238948e+00
  -4.4681439e+00   2.7866124e+00  -1.8603180e+00
   8.4547680e-01  -3.9186533e+00   8.1879185e+00
   4.8146438e+00   5.1255975e+00  -9.1268775e+00
   1.6748512e+00  -5.5308098e+00   4.4114980e-01
  -4.2403041e+00   2.6677984e+00   2.4405095e+00
  -9.2137113e+00   2.2429736e+00   5.0718646e+00
   7.8196824e+00  -3.3125359e-01  -7.5646795e+00
   7.8582927e+00  -6.6004962e+00  -8.1781094e+00
   4.5194905e-01  -8.9511902e+00  -2.5151280e+00
   8.0606123e+00  -9.6675088e+00  -2.3589742e+00
  -5.3542354e-01   3.9577334e+00  -5.6005083e-01
   1.9516193e-01   3.7944947e+00  -3.0259048e+00
   1.0081386e+00   8.0518613e+00   2.7359144e+00
  -7.8614536e+00  -8.7923085e+00   9.7084009e+00
   4.7254197e+00  -3.2067090e+00  -1.6151316e+00
  -7.6704063e+00   8.8266449e+00   8.8955368e+00
   7.5396321e+00  -4.0291911e+00  -3.3497527e+00
  -8.4547325e+00   3.9894513e+00   4.8302801e+00
  -7.3685244e-01  -3.5680715e+00   7.5525215e+00
   4.6383333e-01  -3.6226706e+00   3.0945095e+00
   6.2821358e+00   7.9116273e+00  -2.2511579e+00
  -8.7643359e+00   8.1224153e+00   5.1642644e+00
   3.5206446e+00  -9.7190854e+00  -3.9457937e+00
  -3.0669672e+00  -2.8356709e+00  -9.0798806e-01
   6.5305751e+00   5.4512983e+00   2.0911987e+00
  -4.2594756e+00   4.3519068e+00   6.4788879e+00
   3.2514265e+00   1.7811724e+00  -3.1685903e+00
  -8.5467017e+00   9.8370495e+00   7.7770786e-01
  -8.7359817e+00  -2.0498157e+00   8.7398835e+00
  -7.3180884e+00  -1.1214941e+00  -2.4185293e+00
  -6.0956710e+00  -6.5872808e+00  -3.2521370e-02
  -3.1348239e+00  -3.5930091e+00   7.5199417e+00
   8.0824442e+00  -6.0286932e+00  -7.1783461e+00
   3.8731647e+00   7.9968423e+00   2.6440422e+00
   4.1849004e+00   5.3816791e+00   5.9095614e+00
   2.3060825e+00  -6.8174148e+00   8.0853076e+00
   9.5162164e+00   9.7981363e+00   6.6618604e+00
   8.6879731e+00  -5.4088187e+00  -9.0462384e+00
  -2.5563459e+00   9.1635561e+00  -3.5292047e+00
  -5.2353354e+00  -9.1291400e+00   4.5087888e-02
  -8.4874738e+00   7.0779895e+00   3.4057194e+00
   6.2709165e+00  -3.8397633e+00  -8.9044362e-01
  -2.9690043e-01  -7.1707108e+00   9.0103028e-01
  -3.1843680e+00   1.0739537e+00   8.8445504e+00
   4.9287517e+00  -5.3690460e+00  -4.5587220e+00
  -4.7612878e+00   7.8688409e+00  -1.1034200e+00
  -3.4855761e+00   8.2846066e+00   3.5020404e+00
  -6.0650868e+00  -8.1000154e+00   4.6309245e+00
  -8.1908612e+00   8.7639036e+00  -6.5099026e+00
   2.9919039e-01   7.9546712e+00  -5.3004951e+00
  -7.5987717e+00  -6.7045120e+00   6.1469567e+00
   7.9883837e+00   3.3653972e+00   8.0819323e+00
   2.0264043e+00   4.9788869e+00   9.9732216e+00
  -3.5429043e+00   8.7253260e+00  -9.7711686e+00
   2.2693393e+00  -5.2640870e+00  -8.5158980e+00
   4.6060115e+00   4.8760713e+00   2.7364090e+00
   5.0620303e+00   1.7216676e+00  -6.9000489e+00
   3.6922392e+00  -5.4718817e+00  -7.6765892e+00
  -7.0265755e+00  -9.3331418e+00   2.1361006e+00
   7.4159222e-01  -3.4870775e+00   3.9493640e+00
  -7.7309576e+00  -7.7359734e+00  -3.1688669e+00
  -3.3310264e+00  -8.6864302e+00  -1.4222074e+00
  -4.1251615e+00   7.6393058e-01  -7.8048635e+00
   5.7372284e+00   7.4893962e+00  -8.1795252e-01
  -5.0199534e-01  -3.2714502e+00   5.4473456e+00
  -4.6976864e+00   3.9720214e+00  -7.3844889e+00
   8.1528275e+00  -8.9184708e+00  -4.0725742e+00
   1.5998632e+00   7.0612679e+00   8.2362686e+00
   4.8328116e+00   7.6098756e+00  -1.1857256e+00
   6.7762804e+00   7.3045318e-01  -3.2676604e+00
   3.0680092e+00  -2.3792098e+00   8.8835999e+00
  -9.1844594e+00   9.8584689e+00  -2.6303992e-01
  -8.9109784e+00   2.1982202e+00   7.3740146e+00
  -1.1714062e-01  -8.5706215e+00  -6.3251345e+00
   8.3078696e+00  -9.1833103e+00   3.0500044e+00
   3.1601299e+00  -2.1372771e+00   5.0476403e+00
  -4.6606823e+00  -7.5728588e+00   3.5355601e+00
  -6.7750045e+00   5.5786716e+00  -1.8568200e+00
  -2.6112398e+00   1.4449298e+00  -3.8935308e+00
  -6.2010849e+00  -2.1609654e+00  -3.1993212e+00
   5.6206337e+00   5.9901817e-01  -6.1179082e+00
  -4.8865684e+00   4.4519726e+00   9.0110401e+00
  -6.8611740e+00  -4.5791253e+00  -8.2959295e+00
  -8.8601266e+00  -4.6852402e+00  -4.6589364e+00
   6.3910235e+00  -9.5634850e+00   3.9624872e+00
   5.2977738e+00   3.7276348e+00  -6.7361541e+00
  -5.7938404e+00   5.8939082e+00  -4.8731444e+00
  -2.0741577e+00  -6.2763354e+00  -5.5048357e+00
   9.5576297e+00  -9.3199014e+00  -1.2819931e+00
   3.7330957e+00   8.7980622e+00  -4.9145298e+00
  -1.4226826e+00  -7.6519888e+00   5.0674428e+00
  -2.5210791e+00   6.6192198e+00  -3.8326878e-01
   8.2470130e+00  -9.7429899e+00   9.3433645e+00
  -9.8597661e+00  -9.7256958e+00   5.9249550e-01
  -6.4582659e+00  -3.2518522e+00  -3.8262441e+00
  -6.6714756e+00   8.6578653e+00  -4.3117666e+00
  -2.2782589e-02   9.7430154e+00   9.2041118e+00
   4.2118672e-01   1.9808068e+00  -2.6861143e+00
  -4.7067300e+00  -9.7237958e+00  -6.5750427e+00
   7.4347962e+00  -2.5118966e+00   1.1488094e+00
   5.9634194e+00   5.6956224e+00   9.9726320e-01
   8.3822876e+00   1.5079240e+00   9.4107319e+00
  -3.9534857e+00   9.4494188e+00  -2.1260399e-01
   3.9799808e+00   8.0421668e+00  -9.7547333e+00
  -7.1483463e+00   7.9958712e+00  -1.3909863e+00
   7.3038195e+00  -5.7018866e+00  -5.7449260e+00
   7.9239091e+00  -4.9305675e+00  -5.1290339e+00
  -4.5265582e+00   2.1472907e-01   3.6499888e+00
  -2.2477140e+00   2.6210434e+00  -3.7934038e+00
   9.7097157e+00  -7.5597949e+00   7.0320940e+00
  -7.6624308e+00   5.1078943e+00   8.2741548e+00
  -6.5985765e+00  -1.6706860e+00  -4.5114547e+00
  -4.3371501e+00   7.0196226e+00  -2.8533477e+00
   9.0489215e+00  -2.2354002e+00   4.0382408e+00
   3.1092461e+00  -8.6939390e+00   8.8581256e+00
   1.9931899e-01   4.2113558e-01  -8.7197472e+00
   3.5757866e+00  -5.1804141e+00   2.5949227e+00
  -1.7924200e+00  -7.0753271e+00  -9.5797999e+00
   5.8399358e+00   7.9813579e+00   7.0249673e+00
  -3.7604452e+00  -2.9659328e+00   8.3631512e+00
  -7.8982354e-01   2.4852308e+00   7.7406802e+00
   3.1813537e+00  -1.7251523e+00   8.1148375e+00
  -5.9936976e+00  -6.8085609e+00   4.3387215e+00
  -7.7028633e+00  -5.4427660e+00  -2.8927755e+00
   3.5053334e+00  -7.7682829e+00   5.3718784e+00
  -1.7271760e+00   1.9385480e+00   9.5150552e-01
   6.2820366e+00   3.9787206e+00  -1.2427092e+00
   6.1397363e+00  -4.0614053e+00  -7.1050948e+00
  -4.7748577e+00  -5.9730150e+00   5.4731598e+00
   4.7900691e+00   7.8566115e+00  -1.7061924e+00
   4.6766158e+00  -8.2029565e+00  -9.4738310e+00
   4.1066497e+00   5.0983868e+00   3.3615048e+00
  -8.2579692e-01  -9.3391358e+00  -1.0033335e+00
  -7.6980873e+00   8.5025217e+00  -7.2155997e+00
  -8.6506007e+00   5.2242447e+00  -9.5959605e+00
  -1.8386245e+00   7.0992647e+00  -6.6907364e+00
   7.3257020e+00   8.1546797e+00  -7.3234713e+00
  -9.2325484e+00  -4.6531899e+00   6.8005037e-02
   7.8207806e+00   1.8818211e+00  -1.9616640e+00
   7.8235838e+00   5.8489000e+00   2.2747948e+00
  -4.2504643e+00   2.9534635e+00   4.8731743e+00
  -4.8714994e-01  -8.6969304e+00   9.9592872e+00
   9.4203578e+00  -4.1515384e+00   9.1989523e+00
   1.0323517e+00   9.8403192e+00  -4.0670402e+00
   2.8301194e+00   3.0923609e-01   8.0237174e+00
   7.7398184e+00   4.8984750e+00  -5.7558956e+00
   6.9941769e+00   6.3945046e+00  -3.3566442e+00
   2.4675006e+00  -9.9727144e-01   4.2091392e+00
  -6.0438401e+00  -1.9324994e+00   8.0781481e+00
   2.2958201e+00   3.5389743e+00   8.9353805e+00
   7.5983273e+00  -2.6759030e+00   9.5038048e+00
  -8.3674599e+00  -9.2334670e+00  -1.0553316e+00
  -7.2762837e+00   7.1718908e+00   9.1527955e+00
  -3.5327914e+00   5.5685662e+00   7.4826428e+00
   8.6815336e+00  -8.9909710e+00   1.2602692e+00
   4.3871363e+00   2.1986907e+00  -2.9922770e+00
  -7.8120755e+00  -1.1605849e+00   3.1456475e-01
   6.0844544e+00   7.2345413e-01  -4.4461317e+00
   7.1623450e-01   2.9037429e+00   4.6516417e+00
  -2.0917743e+00  -4.0309135e+00  -4.3998385e+00
  -4.6001167e+00   6.9887604e+00   4.5478391e+00
   8.9099168e+00  -4.7133873e+00   3.0753027e-01
   4.6561008e+00  -3.4968669e+00   4.3916354e+00
   5.0665221e+00  -5.3032025e+00   2.6856783e+00
  -3.8029145e+00   2.9212260e+00  -9.5693397e+00
  -5.6923063e+00  -9.7164297e+00   8.9768130e+00
  -9.8680914e-01   9.2486053e+00   2.3596491e-02
   1.3036348e+00   6.8187186e+00  -9.1825516e+00
  -6.5675837e+00   7.6770856e+00  -4.1449689e+00
  -4.7349612e+00   3.5512855e+00  -5.2437176e+00
  -5.3896447e+00  -7.9136939e+00  -3.6669438e+00
   6.0897393e+00   2.2716621e+00  -8.3446571e+00
   4.7132076e+00   4.9528420e+00   8.4510987e+00
   5.4782115e+00  -5.1163551e+00   3.9018406e+00
  -8.6350860e+00  -9.0230825e+00   5.8238503e-01
   4.9389097e+00   6.1219065e+00  -3.3700631e+00
  -4.5830095e+00  -6.2078732e+00  -6.8215739e+00
  -1.6885772e+00   3.0700130e+00   8.5708544e+00
  -9.6722882e+00   2.6047540e+00   1.4273229e-01
   3.0629921e+00   9.5885203e+00  -7.9171855e-01
   3.5174210e+00  -8.5180397e+00  -4.2143761e+00
  -7.0688574e-01   5.3196018e+00   1.6596671e+00
  -2.7975732e+00   9.3573269e-01   8.2230102e+00
  -7.9041689e+00   3.5319876e+00  -9.1081854e+00
   6.5925947e+00   6.6368096e+00  -1.4684036e+00
   2.3508638e+00   9.8022064e+00   3.5451186e-01
   1.7896440e+00  -7.1012201e+00   4.1891368e+00
   9.5676612e+00  -4.0727563e+00  -2.7821649e+00
   2.8952464e-01  -4.2217710e+00  -5.0023182e+00
  -4.4781906e+00   7.6388983e+00   9.6408406e+00
   2.2540523e+00  -1.1233652e+00   2.8214296e+00
  -4.9753778e+00   8.2189937e+00  -2.7402998e+00
   9.6895577e+00  -7.9881835e-01   4.1833524e-01
   9.0233067e+00  -7.0700357e+00  -5.0748888e+00
   8.7393703e+00   9.5891315e+00   1.4238286e+00
   6.9650742e+00   8.3096132e+00   4.8333102e+00
   2.4528310e+00   4.7094859e+00   4.4054083e+00
  -9.8950604e-01  -3.6112156e+00   8.4143328e-01
  -5.6644088e-01  -9.0454022e+00  -6.0470449e+00
  -4.4623808e+00  -4.2071514e+00   7.6916181e-01
  -6.8295247e+00   6.6316668e+00  -8.2001865e+00
  -3.5313957e+00  -8.6111353e+00  -1.2390804e+00
   2.7807014e+00   9.3418419e+00  -4.1261067e+00
  -2.4535036e+00   2.0922380e+00  -3.2676384e+00
  -3.6915726e+00  -5.3152812e+00   6.7588170e-01
   5.8255841e+00   6.2542777e+00   1.0624079e+00
   3.9563193e+00  -9.4943432e+00  -6.6832013e+00
  -8.9264403e+00   4.5048385e+00   7.8451702e+00
   7.1304015e+00   8.7679884e+00   5.0263909e-01
  -9.6283029e+00  -7.2480805e+00   8.5590119e+00
   5.1949848e+00  -9.1603286e+00   9.5967373e+00
   5.6147590e+00  -1.2547570e+00   6.3616906e-01
  -7.0969980e+00  -2.9480924e-01  -4.7229208e+00
   8.1209389e+00  -8.2251956e+00  -1.6331623e+00
   8.1019981e+00  -6.1387506e+00  -7.8016124e+00
  -9.4177853e+00   1.4556615e+00  -8.2897422e+00
   2.0381281e+00   1.2141946e+00   5.0309251e+00
   9.9002674e+00   1.3843061e+00   3.2267332e+00
  -7.3957558e+00   8.7496960e+00  -9.7230181e+00
   9.6139949e+00   1.2263627e+00  -1.5396635e+00
  -3.2475507e+00   5.9833755e+00  -9.6003635e+00
   1.3123320e-01  -7.9720129e+00  -7.2733544e+00
  -2.9170349e+00   1.7241499e+00  -4.0960580e+00
  -6.1690762e+00  -8.4617256e+00   1.0574480e+00
   6.3219317e+00   3.1996422e+00   5.5140065e+00
   1.2921308e-01   1.3093169e+00  -7.0028357e+00
   4.4617097e+00   1.6344754e+00  -6.5640511e+00
  -9.0881045e+00   5.2971812e+00  -8.8141285e+00
   8.1524583e+00   2.2473134e+00   3.1529422e+00
  -6.6894392e+00   6.7725563e+00   2.4637493e+00
  -7.7225384e+00   1.8809435e+00   1.8647935e+00
   3.1054438e+00   4.3054754e+00   1.9860170e+00
  -2.7663480e-01  -2.1460919e-02  -3.5172698e+00
  -6.0409783e+00  -8.2033804e+00  -1.3519748e+00
   1.4305294e+00  -7.1298718e+00  -9.3618167e+00
  -6.3304711e+00   4.2594005e+00  -5.0941788e+00
   8.7884561e+00   8.3136530e+00   9.2959115e-01
   4.8427217e-01  -5.7239039e-01  -6.5695620e+00
  -9.3275519e-01  -2.2470125e+00   1.4601924e+00
  -5.5893216e+00   8.4504420e+00   3.4881020e+00
  -3.0939511e-01   7.7296994e+00   3.0358019e+00
   6.6276791e+00  -4.8668737e+00  -3.7602572e+00
   5.1122290e-01  -2.8558558e+00  -5.2647281e+00
   4.7492039e+00   9.6682021e-01   1.2816667e+00
  -3.7556958e+00   1.3622550e+00  -3.2717895e+00
  -6.8620744e-01   2.3385643e+00  -7.9182518e+00
  -9.5719187e+00   3.6920013e+00   4.7570643e+00
   4.4114665e+00  -6.5201222e+00   8.1703793e+00
  -3.8061504e+00   3.3224133e-01  -1.4722213e+00
   9.1003287e+00   9.2915514e+00  -7.9236269e+00
   6.2623728e+00  -8.2491812e-01  -1.7754116e-01
   4.2776094e+00  -5.6728810e+00   1.0403109e+00
   6.5417094e+00   5.1554208e+00   3.1269590e+00
   4.2259696e+00  -6.5324397e+00   5.4855035e+00
   7.1655058e+00   9.9179589e+00  -2.9987998e+00
   3.7546065e+00   2.4887812e+00   1.4934360e+00
   8.3742616e+00   7.3028235e+00  -1.4030576e+00
  -2.8271166e+00  -6.5864951e+00  -8.8880953e+00
   1.3664767e-01   7.7105530e+00  -5.8318016e+00
   7.9072317e+00   1.1587705e+00  -5.1683952e+00
   4.1640003e+00   8.5070778e+00  -9.3940543e+00
   8.4768879e+00  -2.8672155e-01  -5.2378397e+00
   7.1168184e+00   3.9217216e+00  -5.4094565e+00
   6.1656592e+00  -5.7589526e+00  -5.4782669e+00
   8.7815151e+00  -5.3515577e+00  -5.1539023e+00
   5.6683358e+00   5.1156775e+00   2.7514955e+00
  -6.7839844e+00   2.4037805e+00  -2.1295298e+00
   2.9442967e+00   7.6273764e+00   7.2605012e+00
  -7.3027706e+00   2.4146355e+00  -3.5053808e-01
   2.1241999e+00  -3.8392260e-01   5.4119903e+00
  -4.1045954e+00   9.6498133e+00  -6.5617560e+00
   1.5458424e+00  -4.2847394e+00  -4.0659255e+00
  -8.0956609e+00  -3.9233505e+00  -3.8766620e+00
  -1.6098402e+00   7.1064275e+00   7.7024227e+00
  -3.7082870e+00   3.5847778e+00  -8.0988350e-01
   3.3021351e+00  -3.0854302e+00   6.8446076e+00
   7.0716571e+00  -3.5942722e+00  -4.7296907e-01
   2.4013784e+00  -6.2643540e+00   3.2484470e+00
   5.9081679e+00  -4.3482411e+00   6.1234138e+00
   1.6709411e+00  -5.7753579e+00  -1.3557948e+00
  -7.1534279e+00  -1.0391689e+00   9.0331397e+00
  -9.3942015e+00  -7.6639283e+00   1.5970865e+00
  -6.1738599e+00   8.8344145e+00   7.7233678e+00
  -1.0710312e+00   4.6560026e+00  -7.9390241e+00
  -3.6949686e+00  -6.8850058e+00  -8.5871704e+00
  -6.2112553e+00  -9.9077754e+00   1.7185855e+00
  -1.3686317e+00  -7.3109896e+00  -3.5726553e+00
  -8.7988336e-01   9.3311534e+00  -8.4727564e+00
   5.7384243e+00  -4.9917576e+00   4.4458924e+00
  -9.5263157e-01   1.2759485e+00  -4.0452556e+00
  -4.0158567e+00   2.2188462e+00  -2.5452232e+00
   8.3690401e+00   7.2068516e+00  -4.4986190e+00
  -7.0052754e+00  -8.0857986e+00  -5.2192794e+00
   8.9967176e+00   1.3999889e+00   1.0408113e+00
   6.0740705e+00   8.6497571e+00  -7.3142153e+00
   2.7592385e+00  -3.5114438e+00   7.1920974e+00
   6.7030946e-01   8.8020209e+00  -6.0157725e-01
  -8.0065789e+00   6.4779256e+00   4.7753169e+00
   5.9002861e+00  -7.8930263e+00  -4.1135337e-01
   9.0860128e-01   8.7392514e+00  -8.1273986e+00
   6.2627737e+00  -1.5966236e+00  -7.3530782e+00
   6.3184417e-01   3.0138337e+00   4.8853463e+00
   6.8820477e+00  -6.9027135e+00  -7.1949160e+00
   7.9976917e+00  -4.6423761e+00  -3.3146300e+00
   3.9371675e+00   1.5315403e+00  -9.4171884e+00
   3.3864368e-01   8.5973823e+00  -2.0422601e+00
   5.7088982e+00   4.9863909e+00   3.0347440e+00
   2.6847743e+00  -5.3667709e+00  -6.4287590e+00
   6.2192093e+00  -5.4460064e-01  -6.8648613e+00
   8.2617219e+00  -4.3821485e-01   1.0203738e-01
  -5.0599967e+00  -3.0970059e+00   4.7187422e+00
   3.3607648e+00  -8.8818779e+00   3.3746535e+00
  -4.4226221e+00  -9.0629856e+00   8.5095369e+00
  -5.0624174e+00  -3.0082613e+00  -9.8255676e+00
  -5.4000698e+00   5.4811446e+00  -5.9932172e+00
  -4.5845860e+00  -5.3736956e+00   8.5696952e+00
   7.2906014e+00  -9.5926307e-01  -7.1356648e+00
  -7.7603338e+00  -7.8925265e+00  -5.7096466e+00
   5.7314130e+00  -1.1625163e+00   6.6291908e-01
   9.6579276e+00   3.3485243e+00   7.9586695e+00
   1.4784883e+00   8.1223244e+00  -6.1779665e+00
  -2.5798857e+00  -9.9669395e+00   3.5426070e-01
  -7.2477226e+00   9.5608143e-01   3.4939521e+00
  -7.5451139e+00  -5.2677744e+00  -5.9919538e-01
  -5.4277341e+00  -1.3897697e+00   8.6013254e+00
  -3.0551765e+00  -7.2535809e+00  -4.4111121e+00
  -6.2513899e+00   6.6407240e+00   8.7064800e+00
   1.8938372e+00   9.3984015e+00   5.9249840e+00
   2.1336979e+00  -2.0386765e+00   1.0596569e+00
   2.1347529e+00  -7.0263955e+00   7.7514836e+00
  -8.4112801e+00   9.6737897e-01   8.9780738e+00
  -2.1337511e+00  -5.6212090e+00   5.4835794e+00
  -8.4527186e+00   1.9049609e+00   7.1415428e+00
  -4.1311350e+00  -7.1764326e+00  -1.7932639e+00
  -8.2082063e+00  -1.9794703e+00   1.7960392e+00
  -4.6957674e-01   6.0005446e+00   8.1860993e-01
   1.1384094e+00   7.0989117e+00   6.8196189e+00
  -3.0911882e+00   9.2247545e-01   2.0348911e+00
   8.8236502e+00   7.3176982e+00   4.6254178e+00
   1.9907011e+00   7.7160747e+00   5.3299872e+00
   1.4535686e+00  -2.7453098e+00   7.6423370e+00
   1.1383071e+00  -8.0694294e+00  -1.2021581e+00
   3.9441940e+00   4.0029633e+00  -5.6765771e+00
  -9.4519174e+00   5.5293459e+00   5.6795078e+00
   2.7959741e+00   7.8661877e+00   2.2420316e+00
  -9.8803844e+00  -2.6722052e-01   2.4141420e+00
  -5.7360235e-01  -7.0208796e+00  -3.0647013e+00
   8.3237515e+00   7.5907620e+00   2.2600878e+00
   8.4231202e+00   9.4920544e+00  -3.9177676e+00
   2.9135114e+00  -3.0221985e+00  -7.5470586e+00
   4.4051614e+00   3.1122179e+00   4.0727946e-01
   5.8049878e-01   2.2012888e+00   8.7488585e+00
  -5.6138249e+00   7.6501669e-01  -9.7685933e+00
  -2.8009400e+00   9.8655145e+00  -1.2704615e+00
  -4.5071109e+00  -1.0559096e+00  -1.3298558e+00
   5.1468356e+00  -7.2741043e+00  -4.1754771e+00
   1.4459251e+00  -5.4895318e+00  -6.2514061e+00
   1.0115296e+00   1.1898365e+00   5.7705234e+00
   3.9350071e+00   7.0079617e+00  -6.0615979e+00
  -3.6577304e+00   9.3197416e+00   3.0445454e-01
  -1.6654092e+00  -4.8878564e+00  -7.2795686e+00
  -1.9420860e+00  -4.8637029e+00   5.4454391e+00
  -4.9291674e+00   2.6520880e-01  -7.2903506e+00
  -7.8887875e+00   7.6958858e+00   7.3920236e+00
   5.1074234e+00  -9.4278538e+00  -9.4207591e+00
   7.9672656e+00   1.7504348e+00   5.7902096e+00
  -3.8809578e+00   3.7204623e+00  -9.4336862e+00
   1.6639167e+00  -9.8225126e-01  -9.5947218e+00
  -4.9912947e+00  -7.3956534e+00  -7.6460649e+00
  -4.7926051e+00   2.7190094e+00   2.9844709e+00
  -2.8823899e+00   6.4148063e+00   5.8722258e+00
   9.5742109e+00   6.6800706e+00   8.0385105e+00
  -5.0511501e-01   8.0634303e+00  -9.7055466e+00
   1.5859376e+00  -9.4953497e+00   5.8971777e+00
   5.6146864e+00   1.8203628e+00  -3.8259542e+00
  -9.4197572e+00  -9.2556489e+00  -7.1119730e+00
   3.2149669e+00  -1.2367091e+00   4.1346373e+00
  -3.0413939e+00   4.1806958e+00   7.5291690e+00
   1.0111626e-01   7.7175188e+00  -4.2547470e+00
   7.4939108e+00  -5.2723612e+00  -8.9622003e+00
   2.3722264e+00  -1.8166468e+00   3.0661663e+00
  -7.9919643e+00   3.1705387e+00   7.6217169e+00
   2.1767259e+00   3.5390135e+00  -5.0110734e+00
   6.6849088e+00  -4.4227261e+00  -9.1643581e+00
  -6.4575213e+00  -9.4220185e+00  -8.8417705e+00
   3.8005228e+00   6.3936297e+00  -3.3292270e+00
   2.3679470e+00   9.8738602e+00   6.3588525e+00
   4.7326186e+00  -5.7271377e+00  -9.9915196e+00
   2.2611464e+00   5.1635248e+00  -2.6354975e+00
  -1.2360032e+00   6.4720140e+00  -2.8875899e+00
   7.7875755e+00  -9.8901251e-01   3.4703018e+00
  -6.1638639e+00  -8.2983415e-01   5.8675171e+00
   6.8988984e+00  -8.6916277e+00   5.2810771e+00
  -5.9083532e-01   2.7570601e-01  -7.0226224e-01
   1.7316425e+00   2.9060854e+00   2.3868165e+00
  -9.1053699e+00   5.5334106e-01  -9.2092488e+00
   6.5582136e+00   5.7329460e+00   5.4889557e+00
   5.1071092e+00  -1.3566633e+00   6.1055352e+00
  -9.6126656e+00  -2.3865417e+00   2.6059952e-01
  -1.5487060e+00  -1.3388996e+00   9.9500979e+00
  -3.1680082e+00  -3.8492405e+00   6.0924678e+00
  -4.8575292e+00  -6.7843365e+00  -7.8122815e+00
   4.8477120e+00  -8.2305484e+00   5.9960149e+00
  -2.3127865e+00  -5.3999401e+00   1.4053740e+00
  -9.4770864e+00  -7.9559174e+00   8.7973927e+00
  -9.2312318e+00   7.6266611e+00   7.5213348e+00
  -1.3257533e+00   1.1050525e+00  -2.3365029e+00
  -5.4674715e+00  -4.7471941e+00  -3.8577897e-01
  -4.5999914e+00  -8.5709158e-03  -7.3422123e+00
   2.6803339e+00   7.9021492e+00  -7.4041094e+00
   3.0540735e+00  -8.6311035e-01  -9.1263496e+00
  -4.0907845e+00   5.6499672e+00  -3.1725407e+00
  -9.6706603e+00  -5.1791055e+00   3.8246685e+00
   2.6038642e+00   5.1553991e+00  -1.5762502e+00
  -7.2407558e+00   3.4473021e+00  -2.2712711e+00
   2.2490711e+00  -5.3041120e+00   6.6488391e+00
  -8.8738084e+00  -6.1855042e+00   1.4948196e+00
   6.3261820e+00   9.2692223e+00  -9.6809884e-02
  -1.2653837e-01   7.0166419e+00   9.6740966e+00
  -2.1219215e-01   8.8906605e+00  -6.9250450e+00
  -6.9143857e+00   3.1898810e+00   4.5940791e+00
  -7.4561437e+00   1.3328538e+00  -5.9741889e+00
  -7.8272065e+00   4.1787942e+00   9.8192443e+00
   9.6927257e+00  -9.0266173e-01   8.7283451e+00
  -7.7562349e+00   9.3473723e+00   5.8251709e+00
   1.6828688e+00   5.1881898e+00  -3.7277639e+00
  -5.8263491e+00  -9.7993444e+00  -7.1619882e+00
  -1.9281968e+00  -8.7236603e+00  -5.9697543e+00
  -8.2567620e+00   3.2955207e+00  -1.4843286e+00
   6.1247524e+00  -9.8177291e+00  -4.1731844e+00
   4.5630352e+00  -4.6069816e+00   1.2844754e+00
   8.5823458e+00  -8.8664168e+00  -7.9809317e+00
  -2.2096790e+00  -6.4286417e+00  -7.6408607e+00
   2.4794307e+00   3.6531405e+00  -3.6285988e+00
  -5.9259927e+00  -8.5175480e+00  -7.5883966e+00
   2.1469982e+00   8.0103604e+00   3.9292426e+00
  -6.1496383e+00  -1.6817703e+00  -9.2041855e+00
   8.1245276e+00   7.0147816e+00  -3.9753258e+00
   4.8786401e+00  -6.5664584e+00   5.4909038e+00
   5.9386004e-01  -5.2585698e+00   6.4142505e+00
  -8.4465057e+00  -1.2104184e+00   7.6304662e+00
   3.5537242e+00  -2.8887007e+00  -6.1810011e+00
   1.2868752e+00   9.2252593e+00   2.1490662e+00
  -4.2451898e+00   2.3492820e+00   2.6565016e-01
  -4.7236910e+00  -1.2324420e+00   4.9477425e+00
  -6.2954440e-01  -6.2383040e+00  -7.2983465e+00
  -2.4856981e+00   7.0440475e+00  -7.9326547e+00
   7.4649201e+00  -7.7808215e+00  -7.4793995e+00
   7.4672239e+00   5.6350920e+00  -5.3454308e+00
   9.6403803e+00  -2.3122578e+00  -4.5033854e+00
   6.4598398e+00   3.6810677e+00  -9.7137145e-01
   8.2911621e+00   2.5066336e+00   6.9643680e+00
   4.2383054e+00   5.4234842e+00   8.3037919e+00
  -2.5803128e-01   7.5618624e-01  -2.8433334e-01
   9.5058277e+00  -6.6180172e-01  -5.1281317e+00
   8.4645960e+00  -2.9828564e+00   2.3900951e+00
  -2.4077500e+00  -9.8579632e-01   9.5062856e+00
  -2.5341835e+00   8.4273326e+00  -9.1923102e+00
   6.7499543e+00  -2.1105988e+00   9.6826578e+00
  -7.1013456e+00   8.1086559e+00  -6.2796437e+00
   1.4078078e+00   6.4038620e+00   8.5481833e+00
  -7.8118485e-01   8.1338110e+00   4.6591811e+00
   3.7466079e+00   5.0730335e+00  -3.6523660e+00
  -5.0360617e+00   3.2073307e+00   4.9948623e+00
  -7.5649108e+00   2.6593525e+00   1.8903529e-01
   7.7763799e-01   3.5769266e+00  -2.0486229e+00
  -1.0331532e+00   2.5890818e+00  -1.4478807e+00
  -4.9411546e+00  -9.4762090e-01   1.5628562e+00
   6.7994019e+00  -3.4779992e+00   8.3759362e+00
  -1.3252748e+00  -5.0936275e+00  -9.0154734e+00
   2.9243801e+00   7.2121622e-01  -6.2713650e+00
  -4.3218519e-01   2.4538120e+00   3.7462384e+00
  -2.2428638e-02  -8.8142425e+00   8.4101088e+00
  -5.4182598e+00  -9.0964635e+00   7.1770664e+00
  -6.9459706e+00  -1.4106899e-01  -5.0819238e+00
   9.0118730e+00   8.0878195e+00  -4.9980799e+00
   9.7023395e+00   2.5637259e+00  -1.7410800e-01
  -6.7202117e+00   8.7409426e+00  -3.4773200e+00
   2.4556366e+00   4.0601028e+00  -5.4223126e+00
   1.8894911e+00  -7.8376077e+00   5.2031230e+00
   4.5353156e+00   1.8865946e+00  -9.7702027e+00
  -6.3168565e+00   8.2938953e+00  -8.5190569e-01
  -4.9867086e+00  -5.0531335e+00  -6.0406595e+00
   6.0854917e+00   8.6642541e+00   3.1557824e+00
   9.0397003e+00   8.8722220e+00   4.6049628e+00
  -1.6963731e+00   7.8564247e+00  -5.0076707e+00
  -1.4059467e+00  -4.1963169e+00  -5.4964083e+00
   5.7537303e+00  -8.2661523e+00   7.9717778e+00
   3.9643227e+00   3.7540774e+00  -4.0481082e+00
  -3.8270919e+00   2.0863405e+00  -4.5075435e+00
   4.4972199e+00  -6.2650778e+00  -1.9909944e+00
  -2.7698462e+00  -3.6076266e+00  -4.1759472e+00
  -1.7410729e+00  -9.4003558e+00  -5.6699378e+00
   4.1729565e+00  -1.2309054e+00   9.9200988e+00
  -4.4714567e-01  -8.2803538e+00   8.5314745e+00
   4.2666535e+00   5.6297795e+00   2.5643084e+00
  -4.6572292e+00  -2.3714296e+00  -4.9415755e+00
  -8.1677164e-01  -7.0865805e+00  -5.9201420e+00
   8.7345063e+00   3.6272695e+00   7.8876927e+00
  -2.1713638e+00  -1.8570403e+00  -6.5128789e+00
  -8.1706809e+00   2.3297667e+00   5.5052917e+00
   9.4399704e+00   9.8584197e+00   3.4666964e+00
   3.0613757e+00   6.5455167e+00   9.8119707e+00
   4.2935213e+00  -2.7202516e+00  -4.4855027e+00
   6.9601763e+00   9.1330643e+00   1.5721167e+00
  -9.0678787e+00   7.9768710e+00   2.8107090e+00
  -5.6428258e+00  -1.7313780e+00   8.8477481e-01
  -3.5838548e+00   3.1181913e+00  -5.9772536e+00
  -3.0462148e+00   4.8092873e+00   6.1991496e+00
   4.0840600e+00  -5.8117656e+00  -8.8203745e-02
   1.7193217e+00   3.0738985e+00   1.4931547e-02
  -5.9632740e+00   2.5830917e-01  -4.9157422e+00
   3.6798017e+00   6.2564804e+00   3.2159967e-01
   2.0882984e+00  -1.6168858e+00  -9.0159537e+00
   4.8541833e+00  -3.3301756e+00  -8.3945394e+00
  -3.9315917e+00   7.1288700e+00   7.2934949e+00
   6.0551656e+00  -9.8349899e+00   5.4330085e-01
  -3.9763468e+00   4.0054906e+00   5.9355407e+00
  -8.2930558e+00   8.3552661e-01   2.0196011e+00
   6.3025273e+00  -8.3142507e+00   1.2160417e+00
  -4.2440706e+00  -6.0457864e-03   8.8996708e+00
   2.1188494e+00   3.0843604e+00   1.2422151e+00
  -3.1872867e+00  -7.3384758e+00  -3.0540489e+00
  -1.0799040e+00  -6.0490912e+00  -7.8915976e+00
  -9.4717127e+00  -5.8617532e+00   8.4876633e+00
   1.4007325e+00   6.2469577e+00  -7.2917565e+00
   8.4804930e+00  -3.2250872e+00   7.2415668e+00
  -2.3925007e+00  -2.2833882e+00  -6.6912577e+00
  -9.4567537e+00   2.6382454e+00   2.2161228e+00
  -1.2141619e+00  -7.7479690e+00   8.1301216e+00
   2.3019937e+00   8.5297296e+00   4.7548683e+00
  -8.9339731e+00  -2.8209452e+00  -2.4830294e+00
  -4.9354931e+00  -9.9116732e+00  -7.0527401e+00
   5.3210983e+00  -5.8470640e+00   5.3788145e+00
   3.8054131e+00   5.0152391e+00   8.2234519e+00
   6.7267782e+00  -9.0270422e+00  -7.9996117e+00
   5.8069843e+00   7.5472053e+00  -8.5056502e+00
  -7.6650808e-01   6.2165664e+00  -9.8473407e-01
   6.1113388e+00   7.7780412e+00  -2.3419007e+00
   1.6990844e-01  -9.5248028e+00   6.0179109e+00
  -7.4762623e+00  -3.6593344e+00   5.1886628e+00
  -1.2176578e+00   9.9325931e+00   3.6805538e+00
  -7.6923379e+00  -8.0492823e+00   2.6342459e+00
   9.5738453e+00   8.4752364e+00   8.2986700e+00
