double nonlin
   #_tr_samples    log10(RMSE)  training_time   testing_time         D sizeinternal training time
              1      -0.014934     0.00112486      0.0120921              1              0
             10     -0.0103454    0.000170946       0.010133             10              0
            100      0.0432782     0.00827503      0.0205979            100              0
           1000      -0.714165       0.952278      0.0463061            587              0
          10000       -1.51288        9.23131      0.0583091            759              0
   #_tr_samples    log10(RMSE)  training_time   testing_time         D sizeinternal training time
              1      -0.014934      0.0011909       0.012068              1              0
             10     -0.0103454    0.000174046       0.010391             10              0
            100      0.0432782     0.00830197      0.0208571            100              0
           1000      -0.714165       0.948321      0.0461171            587              0
          10000       -1.51288        9.21007      0.0583022            759              0
   #_tr_samples    log10(RMSE)  training_time   testing_time         D sizeinternal training time
              1      -0.014934     0.00114393        0.01194              1              0
             10     -0.0103454    0.000163078     0.00980282             10              0
            100      0.0432782        0.00825       0.020252            100              0
           1000      -0.714165       0.942126       0.046092            587              0
          10000       -1.51288        9.20599       0.058497            759              0
   #_tr_samples    log10(RMSE)  training_time   testing_time         D sizeinternal training time
              1      -0.014934     0.00112796      0.0119841              1              0
             10     -0.0103454    0.000164032     0.00982404             10              0
            100      0.0432782      0.0081439      0.0200741            100              0
           1000      -0.714165       0.937838       0.046098            587              0
          10000       -1.51288          9.206      0.0587568            759              0
   #_tr_samples    log10(RMSE)  training_time   testing_time         D sizeinternal training time
              1      -0.014934     0.00116301        0.01215              1              0
             10     -0.0103454      0.0001688      0.0100241             10              0
            100      0.0432782     0.00837684      0.0204329            100              0
           1000      -0.714165       0.942935        0.04603            587              0
          10000       -1.51288        9.21197      0.0582368            759              0
   #_tr_samples    log10(RMSE)  training_time   testing_time         D sizeinternal training time
              1      -0.014934     0.00113988      0.0117781              1              0
             10     -0.0103454    0.000158072     0.00975394             10              0
            100      0.0432782     0.00824594      0.0203679            100              0
           1000      -0.714165        0.94144      0.0461791            587              0
          10000       -1.51288         9.2506       0.058212            759              0
   #_tr_samples    log10(RMSE)  training_time   testing_time         D sizeinternal training time
              1      -0.014934     0.00119114      0.0121579              1              0
             10     -0.0103454     0.00019598      0.0103331             10              0
            100      0.0432782     0.00826502      0.0208609            100              0
           1000      -0.714165       0.946345      0.0462201            587              0
          10000       -1.51288        9.21843      0.0582609            759              0
   #_tr_samples    log10(RMSE)  training_time   testing_time         D sizeinternal training time
              1      -0.014934     0.00117016      0.0115979              1              0
             10     -0.0103454    0.000159025     0.00974894             10              0
            100      0.0432782     0.00802994      0.0199831            100              0
           1000      -0.714165       0.936257      0.0462389            587              0
          10000       -1.51288         9.2144       0.058383            759              0
   #_tr_samples    log10(RMSE)  training_time   testing_time         D sizeinternal training time
              1      -0.014934     0.00113201      0.0117531              1              0
             10     -0.0103454    0.000158072     0.00984693             10              0
            100      0.0432782     0.00813699      0.0200789            100              0
           1000      -0.714165       0.938822      0.0466089            587              0
          10000       -1.51288        9.20619       0.058218            759              0
   #_tr_samples    log10(RMSE)  training_time   testing_time         D sizeinternal training time
              1      -0.014934     0.00113392       0.011838              1              0
             10     -0.0103454    0.000160933     0.00981307             10              0
            100      0.0432782     0.00815678      0.0200331            100              0
           1000      -0.714165       0.940508      0.0462971            587              0
          10000       -1.51288        9.25502      0.0585239            759              0
mixed nonlin
   #_tr_samples    log10(RMSE)  training_time   testing_time         D sizeinternal training time
              1      -0.014934     0.00116491      0.0119519              1              0
             10     -0.0103454    0.000170946        0.01021             10              0
            100      0.0432782     0.00722694      0.0207572            100              0
           1000      -0.714165       0.777424      0.0459242            587              0
          10000       -1.51288        7.21365       0.058744            759              0
   #_tr_samples    log10(RMSE)  training_time   testing_time         D sizeinternal training time
              1      -0.014934     0.00115585      0.0117271              1              0
             10     -0.0103454    0.000174046     0.00979495             10              0
            100      0.0432782      0.0072372      0.0201828            100              0
           1000      -0.714165       0.772336      0.0463879            587              0
          10000       -1.51288        7.21793        0.05848            759              0
   #_tr_samples    log10(RMSE)  training_time   testing_time         D sizeinternal training time
              1      -0.014934     0.00112891      0.0120351              1              0
             10     -0.0103454    0.000169992       0.010139             10              0
            100      0.0432782     0.00728607      0.0206878            100              0
           1000      -0.714165       0.779777      0.0463779            587              0
          10000       -1.51288        7.21474       0.058471            759              0
   #_tr_samples    log10(RMSE)  training_time   testing_time         D sizeinternal training time
              1      -0.014934      0.0011251      0.0120671              1              0
             10     -0.0103454    0.000170946     0.00995803             10              0
            100      0.0432782     0.00721192      0.0207262            100              0
           1000      -0.714165       0.777601      0.0465631            587              0
          10000       -1.51288        7.21773       0.058182            759              0
   #_tr_samples    log10(RMSE)  training_time   testing_time         D sizeinternal training time
              1      -0.014934     0.00113797       0.012053              1              0
             10     -0.0103454    0.000170946      0.0102541             10              0
            100      0.0432782     0.00727916       0.020752            100              0
           1000      -0.714165       0.778014      0.0460119            587              0
          10000       -1.51288        7.21922      0.0580618            759              0
   #_tr_samples    log10(RMSE)  training_time   testing_time         D sizeinternal training time
              1      -0.014934       0.001194      0.0118861              1              0
             10     -0.0103454      0.0001719       0.010258             10              0
            100      0.0432782     0.00724006      0.0208089            100              0
           1000      -0.714165       0.778546      0.0461738            587              0
          10000       -1.51288        7.21318      0.0586529            759              0
   #_tr_samples    log10(RMSE)  training_time   testing_time         D sizeinternal training time
              1      -0.014934       0.001194        0.01215              1              0
             10     -0.0103454    0.000164032      0.0104811             10              0
            100      0.0432782     0.00726104      0.0210559            100              0
           1000      -0.714165       0.780958      0.0465431            587              0
          10000       -1.51288        7.21947      0.0581279            759              0
   #_tr_samples    log10(RMSE)  training_time   testing_time         D sizeinternal training time
              1      -0.014934      0.0011251        0.01208              1              0
             10     -0.0103454    0.000167847        0.01001             10              0
            100      0.0432782     0.00724506      0.0205619            100              0
           1000      -0.714165       0.775943      0.0462291            587              0
          10000       -1.51288        7.22289      0.0583429            759              0
   #_tr_samples    log10(RMSE)  training_time   testing_time         D sizeinternal training time
              1      -0.014934     0.00112915      0.0120819              1              0
             10     -0.0103454    0.000164986       0.010015             10              0
            100      0.0432782     0.00724792      0.0207782            100              0
           1000      -0.714165       0.774792      0.0463359            587              0
          10000       -1.51288        7.20985        0.05826            759              0
   #_tr_samples    log10(RMSE)  training_time   testing_time         D sizeinternal training time
              1      -0.014934     0.00113511      0.0119131              1              0
             10     -0.0103454    0.000161886     0.00982904             10              0
            100      0.0432782     0.00720882      0.0204551            100              0
           1000      -0.714165       0.771108       0.046154            587              0
          10000       -1.51288        7.21567      0.0585072            759              0
single nonlin
   #_tr_samples    log10(RMSE)  training_time   testing_time         D sizeinternal training time
              1      -0.014934     0.00721908      0.0117359              1              0
             10     -0.0103454     0.00329018     0.00938702             10              0
            100      0.0433266      0.0102348       0.017266            100              0
           1000           -nan       0.095753      0.0197952            172              0
          10000           -nan       0.796767      0.0152512            191              0
The job is done.
